171.45	1.33	0.1184	340.	83.411699409419
171.45	1.33	0.1184	340.25	92.71448460237707
171.45	1.33	0.1184	340.5	103.70287671349787
171.45	1.33	0.1184	340.75	116.79911844653405
171.45	1.33	0.1184	341.	132.544424911617
171.45	1.33	0.1184	341.25	151.6216810775095
171.45	1.33	0.1184	341.5	174.86265572270477
171.45	1.33	0.1184	341.75	203.21043662924015
171.45	1.33	0.1184	342.	237.5866428254228
171.45	1.33	0.1184	342.25	278.5982762204885
171.45	1.33	0.1184	342.5	326.0545845441427
171.45	1.33	0.1184	342.75	378.36651280141166
171.45	1.33	0.1184	343.	432.14118935794517
171.45	1.33	0.1184	343.25	482.38778649973614
171.45	1.33	0.1184	343.5	523.629667970963
171.45	1.33	0.1184	343.75	551.6679006203252
171.45	1.33	0.1184	344.	565.136581537641
171.45	1.33	0.1184	344.25	565.9449254015425
171.45	1.33	0.1184	344.5	558.3408555386391
171.45	1.33	0.1184	344.75	547.193628184775
171.45	1.33	0.1184	345.	536.4352181282729
171.45	1.33	0.1184	345.25	528.2931284952001
171.45	1.33	0.1184	345.5	523.3484218201545
171.45	1.33	0.1184	345.75	521.1359663334729
171.45	1.33	0.1184	346.	520.776715004341
171.455	1.33	0.1184	340.	83.06797515602292
171.455	1.33	0.1184	340.25	92.31062394700568
171.455	1.33	0.1184	340.5	103.22415073848887
171.455	1.33	0.1184	340.75	116.22652739670514
171.455	1.33	0.1184	341.	131.85379008169622
171.455	1.33	0.1184	341.25	150.78283846033392
171.455	1.33	0.1184	341.5	173.83976204361886
171.455	1.33	0.1184	341.75	201.96486202192153
171.455	1.33	0.1184	342.	236.0848491678048
171.455	1.33	0.1184	342.25	276.8277051576291
171.455	1.33	0.1184	342.5	324.04386501126714
171.455	1.33	0.1184	342.75	376.2120282312101
171.455	1.33	0.1184	343.	430.01209364517206
171.455	1.33	0.1184	343.25	480.5020566398934
171.455	1.33	0.1184	343.5	522.1936028830844
171.455	1.33	0.1184	343.75	550.8030713873828
171.455	1.33	0.1184	344.	564.8341736853786
171.455	1.33	0.1184	344.25	566.0753288876715
171.455	1.33	0.1184	344.5	558.7120210547586
171.455	1.33	0.1184	344.75	547.62079975782
171.455	1.33	0.1184	345.	536.7926753696174
171.455	1.33	0.1184	345.25	528.5231136177275
171.455	1.33	0.1184	345.5	523.4578370910004
171.455	1.33	0.1184	345.75	521.1523576511039
171.455	1.33	0.1184	346.	520.7359391992316
171.46	1.33	0.1184	340.	82.7264022740263
171.46	1.33	0.1184	340.25	91.90942981482108
171.46	1.33	0.1184	340.5	102.74873672703926
171.46	1.33	0.1184	340.75	115.65811899999358
171.46	1.33	0.1184	341.	131.16841256790823
171.46	1.33	0.1184	341.25	149.95057430896094
171.46	1.33	0.1184	341.5	172.82496650074177
171.46	1.33	0.1184	341.75	200.7289136771237
171.46	1.33	0.1184	342.	234.59376199512755
171.46	1.33	0.1184	342.25	275.06714937109365
171.46	1.33	0.1184	342.5	322.0415131573006
171.46	1.33	0.1184	342.75	374.060628142749
171.46	1.33	0.1184	343.	427.87814469925377
171.46	1.33	0.1184	343.25	478.6025201714614
171.46	1.33	0.1184	343.5	520.7366717667852
171.46	1.33	0.1184	343.75	549.9148422790182
171.46	1.33	0.1184	344.	564.511207316328
171.46	1.33	0.1184	344.25	566.1920001352968
171.46	1.33	0.1184	344.5	559.0767118038696
171.46	1.33	0.1184	344.75	548.0487980324268
171.46	1.33	0.1184	345.	537.1544357539075
171.46	1.33	0.1184	345.25	528.7612890348084
171.46	1.33	0.1184	345.5	523.5717099988748
171.46	1.33	0.1184	345.75	521.1717813270321
171.46	1.33	0.1184	346.	520.6968505947269
171.465	1.33	0.1184	340.	82.38695902957029
171.465	1.33	0.1184	340.25	91.5108726340018
171.465	1.33	0.1184	340.5	102.27661612505456
171.465	1.33	0.1184	340.75	115.09384541224415
171.465	1.33	0.1184	341.	130.4882419502127
171.465	1.33	0.1184	341.25	149.12482891028358
171.465	1.33	0.1184	341.5	171.81820506364755
171.465	1.33	0.1184	341.75	199.50252683922034
171.465	1.33	0.1184	342.	233.11336181428712
171.465	1.33	0.1184	342.25	273.3172350057897
171.465	1.33	0.1184	342.5	320.0476050214288
171.465	1.33	0.1184	342.75	371.9125686585766
171.465	1.33	0.1184	343.	425.73968680963
171.465	1.33	0.1184	343.25	476.68952446651934
171.465	1.33	0.1184	343.5	519.2590805151909
171.465	1.33	0.1184	343.75	549.0032071963996
171.465	1.33	0.1184	344.	564.1675043012788
171.465	1.33	0.1184	344.25	566.2946276171742
171.465	1.33	0.1184	344.5	559.4356549058807
171.465	1.33	0.1184	344.75	548.4770710015572
171.465	1.33	0.1184	345.	537.5204039358429
171.465	1.33	0.1184	345.25	529.0046170278666
171.465	1.33	0.1184	345.5	523.689942674136
171.465	1.33	0.1184	345.75	521.1942585542655
171.465	1.33	0.1184	346.	520.6594800054102
171.47	1.33	0.1184	340.	82.04962732176246
171.47	1.33	0.1184	340.25	91.1149350312242
171.47	1.33	0.1184	340.5	101.8077681409973
171.47	1.33	0.1184	340.75	114.53367288310817
171.47	1.33	0.1184	341.	129.81323268595023
171.47	1.33	0.1184	341.25	148.30554529935046
171.47	1.33	0.1184	341.5	170.8194108748957
171.47	1.33	0.1184	341.75	198.2856392639807
171.47	1.33	0.1184	342.	231.64359565123365
171.47	1.33	0.1184	342.25	271.57796841095325
171.47	1.33	0.1184	342.5	318.062269106557
171.47	1.33	0.1184	342.75	369.7681195406119
171.47	1.33	0.1184	343.	423.5970545926702
171.47	1.33	0.1184	343.25	474.76340771587616
171.47	1.33	0.1184	343.5	517.7610402295778
171.47	1.33	0.1184	343.75	548.0681770432909
171.47	1.33	0.1184	344.	563.8028748933115
171.47	1.33	0.1184	344.25	566.3829093325189
171.47	1.33	0.1184	344.5	559.7881020393564
171.47	1.33	0.1184	344.75	548.9055994851212
171.47	1.33	0.1184	345.	537.8904756296532
171.47	1.33	0.1184	345.25	529.2531935925981
171.47	1.33	0.1184	345.5	523.812980258478
171.47	1.33	0.1184	345.75	521.2198538902767
171.47	1.33	0.1184	346.	520.6238992825088
171.475	1.33	0.1184	340.	81.7143912890852
171.475	1.33	0.1184	340.25	90.72159280680972
171.475	1.33	0.1184	340.5	101.3421589970233
171.475	1.33	0.1184	340.75	113.97756769340843
171.475	1.33	0.1184	341.	129.14333365614274
171.475	1.33	0.1184	341.25	147.4926688305629
171.475	1.33	0.1184	341.5	169.82852709910472
171.475	1.33	0.1184	341.75	197.07817724764718
171.475	1.33	0.1184	342.	230.18445694654426
171.475	1.33	0.1184	342.25	269.84941307379984
171.475	1.33	0.1184	342.5	316.08565947953787
171.475	1.33	0.1184	342.75	367.62752577999004
171.475	1.33	0.1184	343.	421.45062082974897
171.475	1.33	0.1184	343.25	472.8245240992183
171.475	1.33	0.1184	343.5	516.2427177254788
171.475	1.33	0.1184	343.75	547.1097514768094
171.475	1.33	0.1184	344.	563.4171095811353
171.475	1.33	0.1184	344.25	566.4565293008253
171.475	1.33	0.1184	344.5	560.133876371495
171.475	1.33	0.1184	344.75	549.3340991507724
171.475	1.33	0.1184	345.	538.2645210380688
171.475	1.33	0.1184	345.25	529.5070089808312
171.475	1.33	0.1184	345.5	523.9405001943696
171.475	1.33	0.1184	345.75	521.2486370271515
171.475	1.33	0.1184	346.	520.590073708286
171.48	1.33	0.1184	340.	81.38123267426987
171.48	1.33	0.1184	340.25	90.33081892058922
171.48	1.33	0.1184	340.5	100.87975668169398
171.48	1.33	0.1184	340.75	113.42548761972871
171.48	1.33	0.1184	341.	128.47850106531132
171.48	1.33	0.1184	341.25	146.68614141781936
171.48	1.33	0.1184	341.5	168.84548203700152
171.48	1.33	0.1184	341.75	195.88012641681485
171.48	1.33	0.1184	342.	228.73590460206907
171.48	1.33	0.1184	342.25	268.13158748797326
171.48	1.33	0.1184	342.5	314.11789159413735
171.48	1.33	0.1184	342.75	365.49104188377254
171.48	1.33	0.1184	343.	419.3007193463918
171.48	1.33	0.1184	343.25	470.87321855237906
171.48	1.33	0.1184	343.5	514.7046187091019
171.48	1.33	0.1184	343.75	546.1279710624267
171.48	1.33	0.1184	344.	563.0100356881044
171.48	1.33	0.1184	344.25	566.515075363463
171.48	1.33	0.1184	344.5	560.4725997387563
171.48	1.33	0.1184	344.75	549.7623290515581
171.48	1.33	0.1184	345.	538.6424395815013
171.48	1.33	0.1184	345.25	529.7660241295694
171.48	1.33	0.1184	345.5	524.0726571768619
171.48	1.33	0.1184	345.75	521.2806716871936
171.48	1.33	0.1184	346.	520.5582028686383
171.485	1.33	0.1184	340.	81.05013666016312
171.485	1.33	0.1184	340.25	89.94259882282464
171.485	1.33	0.1184	340.5	100.42053467038902
171.485	1.33	0.1184	340.75	112.87739714878882
171.485	1.33	0.1184	341.	127.81869075087879
171.485	1.33	0.1184	341.25	145.8859082345289
171.485	1.33	0.1184	341.5	167.8702179916343
171.485	1.33	0.1184	341.75	194.69142330470225
171.485	1.33	0.1184	342.	227.29790141775646
171.485	1.33	0.1184	342.25	266.42450670721047
171.485	1.33	0.1184	342.5	312.1590929227106
171.485	1.33	0.1184	342.75	363.3589189383623
171.485	1.33	0.1184	343.	417.14791763538034
171.485	1.33	0.1184	343.25	468.90982824191036
171.485	1.33	0.1184	343.5	513.1466034553586
171.485	1.33	0.1184	343.75	545.1228698355784
171.485	1.33	0.1184	344.	562.5814831913145
171.485	1.33	0.1184	344.25	566.5585931520936
171.485	1.33	0.1184	344.5	560.8040118528241
171.485	1.33	0.1184	344.75	550.1901563766587
171.485	1.33	0.1184	345.	539.024158485607
171.485	1.33	0.1184	345.25	530.0302682290542
171.485	1.33	0.1184	345.5	524.2095201058113
171.485	1.33	0.1184	345.75	521.316027638911
171.485	1.33	0.1184	346.	520.5282410178415
171.49	1.33	0.1184	340.	80.72108409698072
171.49	1.33	0.1184	340.25	89.55690710279751
171.49	1.33	0.1184	340.5	99.96445113677174
171.49	1.33	0.1184	340.75	112.3332659531181
171.49	1.33	0.1184	341.	127.16385870349009
171.49	1.33	0.1184	341.25	145.09191395073157
171.49	1.33	0.1184	341.5	166.90267826194707
171.49	1.33	0.1184	341.75	193.511971659092
171.49	1.33	0.1184	342.	225.87042236343973
171.49	1.33	0.1184	342.25	264.7282178480882
171.49	1.33	0.1184	342.5	310.2093953290031
171.49	1.33	0.1184	342.75	361.2313969474838
171.49	1.33	0.1184	343.	414.9921046066782
171.49	1.33	0.1184	343.25	466.9347326613154
171.49	1.33	0.1184	343.5	511.569096650769
171.49	1.33	0.1184	343.75	544.0944844096241
171.49	1.33	0.1184	344.	562.1312637831759
171.49	1.33	0.1184	344.25	566.5864100727356
171.49	1.33	0.1184	344.5	561.1277768952931
171.49	1.33	0.1184	344.75	550.61729318814
171.49	1.33	0.1184	345.	539.4095300064986
171.49	1.33	0.1184	345.25	530.2997175519556
171.49	1.33	0.1184	345.5	524.3510802399641
171.49	1.33	0.1184	345.75	521.3547763083129
171.49	1.33	0.1184	346.	520.5001918054776
171.495	1.33	0.1184	340.	80.3940575738775
171.495	1.33	0.1184	340.25	89.1737203948706
171.495	1.33	0.1184	340.5	99.5115064971116
171.495	1.33	0.1184	340.75	111.79305586621037
171.495	1.33	0.1184	341.	126.51395312945462
171.495	1.33	0.1184	341.25	144.304105445975
171.495	1.33	0.1184	341.5	165.94279262397546
171.495	1.33	0.1184	341.75	192.34172880196567
171.495	1.33	0.1184	342.	224.4534223902807
171.495	1.33	0.1184	342.25	263.0427153803185
171.495	1.33	0.1184	342.5	308.2688958449963
171.495	1.33	0.1184	342.75	359.1087011643146
171.495	1.33	0.1184	343.	412.83385069988236
171.495	1.33	0.1184	343.25	464.9482568370875
171.495	1.33	0.1184	343.5	509.9723243926014
171.495	1.33	0.1184	343.75	543.0428648629982
171.495	1.33	0.1184	344.	561.6592304678666
171.495	1.33	0.1184	344.25	566.598381087915
171.495	1.33	0.1184	344.5	561.4435772985458
171.495	1.33	0.1184	344.75	551.0434767666881
171.495	1.33	0.1184	345.	539.7984373616562
171.495	1.33	0.1184	345.25	530.5743290257029
171.495	1.33	0.1184	345.5	524.4974393139512
171.495	1.33	0.1184	345.75	521.3968751075483
171.495	1.33	0.1184	346.	520.4742077264744
171.5	1.33	0.1184	340.	80.06904067000437
171.5	1.33	0.1184	340.25	88.79301926595876
171.5	1.33	0.1184	340.5	99.06165793693611
171.5	1.33	0.1184	340.75	111.25672022704076
171.5	1.33	0.1184	341.	125.86892996901261
171.5	1.33	0.1184	341.25	143.52241954392474
171.5	1.33	0.1184	341.5	164.99049793884188
171.5	1.33	0.1184	341.75	191.18063061158446
171.5	1.33	0.1184	342.	223.0468555715699
171.5	1.33	0.1184	342.25	261.3680133405698
171.5	1.33	0.1184	342.5	306.33769826299834
171.5	1.33	0.1184	342.75	356.9910709290325
171.5	1.33	0.1184	343.	410.67347085152966
171.5	1.33	0.1184	343.25	462.9507982036198
171.5	1.33	0.1184	343.5	508.3565603033566
171.5	1.33	0.1184	343.75	541.9680713766367
171.5	1.33	0.1184	344.	561.1652315389626
171.5	1.33	0.1184	344.25	566.5941899315671
171.5	1.33	0.1184	344.5	561.7511066835573
171.5	1.33	0.1184	344.75	551.4685366322427
171.5	1.33	0.1184	345.	540.1907968834015
171.5	1.33	0.1184	345.25	530.8541260756851
171.5	1.33	0.1184	345.5	524.6486227620726
171.5	1.33	0.1184	345.75	521.4424867791248
171.5	1.33	0.1184	346.	520.4502642903825
171.505	1.33	0.1184	340.	79.74601724883848
171.505	1.33	0.1184	340.25	88.41478256593956
171.505	1.33	0.1184	340.5	98.61487964170654
171.505	1.33	0.1184	340.75	110.72423831723331
171.505	1.33	0.1184	341.	125.22875202323378
171.505	1.33	0.1184	341.25	142.74681136970858
171.505	1.33	0.1184	341.5	164.04574223661837
171.505	1.33	0.1184	341.75	190.02863056186737
171.505	1.33	0.1184	342.	221.65069911661706
171.505	1.33	0.1184	342.25	259.70414134190025
171.505	1.33	0.1184	342.5	304.4159359921588
171.505	1.33	0.1184	342.75	354.87872824222825
171.505	1.33	0.1184	343.	408.5113124494433
171.505	1.33	0.1184	343.25	460.94267145101423
171.505	1.33	0.1184	343.5	506.72206308107036
171.505	1.33	0.1184	343.75	540.8701725609576
171.505	1.33	0.1184	344.	560.6490993917326
171.505	1.33	0.1184	344.25	566.5735541435639
171.505	1.33	0.1184	344.5	562.0500508767615
171.505	1.33	0.1184	344.75	551.892191026359
171.505	1.33	0.1184	345.	540.5864388567071
171.505	1.33	0.1184	345.25	531.1390777685733
171.505	1.33	0.1184	345.5	524.8046576373492
171.505	1.33	0.1184	345.75	521.4916837232091
171.505	1.33	0.1184	346.	520.4284724604267
171.51	1.33	0.1184	340.	79.42496962022241
171.51	1.33	0.1184	340.25	88.03899138702756
171.51	1.33	0.1184	340.5	98.17114425632776
171.51	1.33	0.1184	340.75	110.19556937323576
171.51	1.33	0.1184	341.	124.59336894643528
171.51	1.33	0.1184	341.25	141.97722184303151
171.51	1.33	0.1184	341.5	163.10845557816802
171.51	1.33	0.1184	341.75	188.8856527856722
171.51	1.33	0.1184	342.	220.26489860503824
171.51	1.33	0.1184	342.25	258.051100476988
171.51	1.33	0.1184	342.5	302.5036862858413
171.51	1.33	0.1184	342.75	352.77191249023133
171.51	1.33	0.1184	343.	406.34768515019573
171.51	1.33	0.1184	343.25	458.9242614177028
171.51	1.33	0.1184	343.5	505.06909728819704
171.51	1.33	0.1184	343.75	539.7492450721221
171.51	1.33	0.1184	344.	560.1107195824885
171.51	1.33	0.1184	344.25	566.5361817947753
171.51	1.33	0.1184	344.5	562.340086864739
171.51	1.33	0.1184	344.75	552.3141680778156
171.51	1.33	0.1184	345.	540.985233197471
171.51	1.33	0.1184	345.25	531.4291283289141
171.51	1.33	0.1184	345.5	524.9655770669523
171.51	1.33	0.1184	345.75	521.5444296473803
171.51	1.33	0.1184	346.	520.4088034332016
171.515	1.33	0.1184	340.	79.1058829768303
171.515	1.33	0.1184	340.25	87.66561802296468
171.515	1.33	0.1184	340.5	97.73042131575725
171.515	1.33	0.1184	340.75	109.67067682022262
171.515	1.33	0.1184	341.	123.96273459831038
171.515	1.33	0.1184	341.25	141.21360184774989
171.515	1.33	0.1184	341.5	162.1785826234464
171.515	1.33	0.1184	341.75	187.7516412043555
171.515	1.33	0.1184	342.	218.88942059203796
171.515	1.33	0.1184	342.25	256.4089084888871
171.515	1.33	0.1184	342.5	300.6010823511804
171.515	1.33	0.1184	342.75	350.67081809834593
171.515	1.33	0.1184	343.	404.1829582781679
171.515	1.33	0.1184	343.25	456.89591959487313
171.515	1.33	0.1184	343.5	503.39794046170016
171.515	1.33	0.1184	343.75	538.6053789449996
171.515	1.33	0.1184	344.	559.549962651038
171.515	1.33	0.1184	344.25	566.48179893799
171.515	1.33	0.1184	344.5	562.6209071968478
171.515	1.33	0.1184	344.75	552.7343021000664
171.515	1.33	0.1184	345.	541.3870913378795
171.515	1.33	0.1184	345.25	531.7242763532116
171.515	1.33	0.1184	345.5	525.1314424619412
171.515	1.33	0.1184	345.75	521.6008354546617
171.515	1.33	0.1184	346.	520.3913711216057
171.52	1.33	0.1184	340.	78.78874169039574
171.52	1.33	0.1184	340.25	87.2946449953143
171.52	1.33	0.1184	340.5	97.29268849363228
171.52	1.33	0.1184	340.75	109.14952927969613
171.52	1.33	0.1184	341.	123.33681071976258
171.52	1.33	0.1184	341.25	140.45589596320693
171.52	1.33	0.1184	341.5	161.25605635184837
171.52	1.33	0.1184	341.75	186.62653674035775
171.52	1.33	0.1184	342.	217.52421120523056
171.52	1.33	0.1184	342.25	254.77756354503617
171.52	1.33	0.1184	342.5	298.70818628696287
171.52	1.33	0.1184	342.75	348.5756828819304
171.52	1.33	0.1184	343.	402.01739243702264
171.52	1.33	0.1184	343.25	454.8579283565715
171.52	1.33	0.1184	343.5	501.70886998761455
171.52	1.33	0.1184	343.75	537.4386603234942
171.52	1.33	0.1184	344.	558.9666812245281
171.52	1.33	0.1184	344.25	566.4100690622853
171.52	1.33	0.1184	344.5	562.8921895968593
171.52	1.33	0.1184	344.75	553.1522712598738
171.52	1.33	0.1184	345.	541.7918200132258
171.52	1.33	0.1184	345.25	532.0244853422969
171.52	1.33	0.1184	345.5	525.3022624184365
171.52	1.33	0.1184	345.75	521.6609457263405
171.52	1.33	0.1184	346.	520.3762090977386
171.525	1.33	0.1184	340.	78.47352798633503
171.525	1.33	0.1184	340.25	86.92605336661795
171.525	1.33	0.1184	340.5	96.8579174169622
171.525	1.33	0.1184	340.75	108.63209255817094
171.525	1.33	0.1184	341.	122.71555478366908
171.525	1.33	0.1184	341.25	139.70404936450393
171.525	1.33	0.1184	341.5	160.34081745239558
171.525	1.33	0.1184	341.75	185.51027917178482
171.525	1.33	0.1184	342.	216.16923429315503
171.525	1.33	0.1184	342.25	253.1570622287395
171.525	1.33	0.1184	342.5	296.8250875287876
171.525	1.33	0.1184	342.75	346.48669042587
171.525	1.33	0.1184	343.	399.8514441622291
171.525	1.33	0.1184	343.25	452.8108721304138
171.525	1.33	0.1184	343.5	500.002175794978
171.525	1.33	0.1184	343.75	536.2491966529085
171.525	1.33	0.1184	344.	558.3607627999905
171.525	1.33	0.1184	344.25	566.3208411862324
171.525	1.33	0.1184	344.5	563.1536093286932
171.525	1.33	0.1184	344.75	553.5678206318248
171.525	1.33	0.1184	345.	542.1992801649881
171.525	1.33	0.1184	345.25	532.3297008333503
171.525	1.33	0.1184	345.5	525.4780945774135
171.525	1.33	0.1184	345.75	521.7248662628319
171.525	1.33	0.1184	346.	520.36336624049
171.53	1.33	0.1184	340.	78.16022602420156
171.53	1.33	0.1184	340.25	86.55982161782661
171.53	1.33	0.1184	340.5	96.42607941155342
171.53	1.33	0.1184	340.75	108.11833026322354
171.53	1.33	0.1184	341.	122.09891912498328
171.53	1.33	0.1184	341.25	138.9580094898635
171.53	1.33	0.1184	341.5	159.43280858623282
171.53	1.33	0.1184	341.75	184.40280136870214
171.53	1.33	0.1184	342.	214.82444921439566
171.53	1.33	0.1184	342.25	251.54741577430445
171.53	1.33	0.1184	342.5	294.95187911299917
171.53	1.33	0.1184	342.75	344.40405571846657
171.53	1.33	0.1184	343.	397.68521408943514
171.53	1.33	0.1184	343.25	450.75522202714376
171.53	1.33	0.1184	343.5	498.27814829461613
171.53	1.33	0.1184	343.75	535.0370981892188
171.53	1.33	0.1184	344.	557.7320921825811
171.53	1.33	0.1184	344.25	566.2138628803467
171.53	1.33	0.1184	344.5	563.4048510123525
171.53	1.33	0.1184	344.75	553.9806957803603
171.53	1.33	0.1184	345.	542.6093819701698
171.53	1.33	0.1184	345.25	532.6398996774747
171.53	1.33	0.1184	345.5	525.658943763908
171.53	1.33	0.1184	345.75	521.7926057839709
171.53	1.33	0.1184	346.	520.3528914425215
171.535	1.33	0.1184	340.	77.84882301938896
171.535	1.33	0.1184	340.25	86.19593048175905
171.535	1.33	0.1184	340.5	95.99715533285958
171.535	1.33	0.1184	340.75	107.60821411308879
171.535	1.33	0.1184	341.	121.48688295087403
171.535	1.33	0.1184	341.25	138.21772687240758
171.535	1.33	0.1184	341.5	158.5319674555223
171.535	1.33	0.1184	341.75	183.3040451776206
171.535	1.33	0.1184	342.	213.48979148654072
171.535	1.33	0.1184	342.25	249.94861418825093
171.535	1.33	0.1184	342.5	293.0886482986512
171.535	1.33	0.1184	342.75	342.3279589529743
171.535	1.33	0.1184	343.	395.5190364385016
171.535	1.33	0.1184	343.25	448.69041829019983
171.535	1.33	0.1184	343.5	496.53708252443624
171.535	1.33	0.1184	343.75	533.8024899613761
171.535	1.33	0.1184	344.	557.0806142128176
171.535	1.33	0.1184	344.25	566.0886967697003
171.535	1.33	0.1184	344.5	563.645613961519
171.535	1.33	0.1184	344.75	554.3906596904611
171.535	1.33	0.1184	345.	543.0219171226748
171.535	1.33	0.1184	345.25	532.9550381488406
171.535	1.33	0.1184	345.5	525.8448643204293
171.535	1.33	0.1184	345.75	521.8641656704664
171.535	1.33	0.1184	346.	520.3448943572789
171.54	1.33	0.1184	340.	77.53930044674452
171.54	1.33	0.1184	340.25	85.83435911327261
171.54	1.33	0.1184	340.5	95.57111394825623
171.54	1.33	0.1184	340.75	107.10171069350109
171.54	1.33	0.1184	341.	120.87936912296338
171.54	1.33	0.1184	341.25	137.48315023600549
171.54	1.33	0.1184	341.5	157.63823073301523
171.54	1.33	0.1184	341.75	182.213949715584
171.54	1.33	0.1184	342.	212.1652217043072
171.54	1.33	0.1184	342.25	248.36064667172636
171.54	1.33	0.1184	342.5	291.2354488841773
171.54	1.33	0.1184	342.75	340.2585963757953
171.54	1.33	0.1184	343.	393.3533795270861
171.54	1.33	0.1184	343.25	446.6178134622722
171.54	1.33	0.1184	343.5	494.7792863570958
171.54	1.33	0.1184	343.75	532.5446795918231
171.54	1.33	0.1184	344.	556.4062566416924
171.54	1.33	0.1184	344.25	565.9451600636257
171.54	1.33	0.1184	344.5	563.8755367087563
171.54	1.33	0.1184	344.75	554.7973950071485
171.54	1.33	0.1184	345.	543.4366983504632
171.54	1.33	0.1184	345.25	533.2750447326026
171.54	1.33	0.1184	345.5	526.0358607816786
171.54	1.33	0.1184	345.75	521.9397640852529
171.54	1.33	0.1184	346.	520.3393539345016
171.545	1.33	0.1184	340.	77.2316437564847
171.545	1.33	0.1184	340.25	85.47508590561546
171.545	1.33	0.1184	340.5	95.14792945750246
171.545	1.33	0.1184	340.75	106.59878068099663
171.545	1.33	0.1184	341.	120.27635291454648
171.545	1.33	0.1184	341.25	136.75422490677002
171.545	1.33	0.1184	341.5	156.75154475150325
171.545	1.33	0.1184	341.75	181.13244673394863
171.545	1.33	0.1184	342.	210.85070460562173
171.545	1.33	0.1184	342.25	246.78352925310972
171.545	1.33	0.1184	342.5	289.3923978585079
171.545	1.33	0.1184	342.75	338.1961893590522
171.545	1.33	0.1184	343.	391.18848344054527
171.545	1.33	0.1184	343.25	444.53744803466964
171.545	1.33	0.1184	343.5	493.0050618200391
171.545	1.33	0.1184	343.75	531.2654430468082
171.545	1.33	0.1184	344.	555.708847710262
171.545	1.33	0.1184	344.25	565.7830154123687
171.545	1.33	0.1184	344.5	564.0943258487115
171.545	1.33	0.1184	344.75	555.2006751614355
171.545	1.33	0.1184	345.	543.8536341756067
171.545	1.33	0.1184	345.25	533.5998919083336
171.545	1.33	0.1184	345.5	526.2319806286195
171.545	1.33	0.1184	345.75	522.0194188528668
171.545	1.33	0.1184	346.	520.3363267094876
